2.29587
3.63451
3.51678
4.71581
4.67211
3.89101
3.14936
3.22853
3.23108
4.71022
4.11162
3.96305
4.69721
3.96119
3.3948
4.19568
3.34543
4.72449
4.31891
3.8337
3.36458
4.6083
3.01286
4.50112
4.53909
4.45065
4.20889
3.99499
3.67225
4.15591
4.74413
4.16801
3.99152
4.0545
4.13697
3.64698
3.9057
4.54071
3.50084
4.087
4.13649
3.93226
4.01248
3.60024
4.75446
4.1071
4.4872
2.19795
2.08153
4.34991
1.34619
1.35252
1.41699
4.67121
3.71135
3.11204
3.81422
3.97672
3.97715
3.30163
4.62051
4.47205
3.86493
2.71278
4.64855
4.47934
2.61475
2.60783
2.52778
2.95741
3.51076
2.52376
3.85694
3.16219
4.35468
3.68967
4.31517
2.69459
2.63721
4.20533
4.63274
3.4577
4.496
3.65439
3.98441
3.75153
4.67343
4.4238
4.44881
4.08677
3.84101
3.80818
4.19225
3.85315
4.50496
4.07265
3.61092
3.92161
3.59173
3.60629
4.19931
3.27234
3.36373
4.19747
4.10299
2.88755
2.18704
3.09059
4.43246
4.3287
3.057
3.60676
3.02227
3.79254
3.90512
3.7312
3.87772
3.11485
3.91426
4.2726
3.70648
3.93804
3.0545
3.12248
4.46907
4.43644
3.82949
4.69541
3.84412
4.6729
2.56109
2.25593
3.97288
3.96884
3.6036
4.24088
3.75685
3.12589
3.02934
2.97599
3.23633
4.4954
2.68901
4.37066
4.29822
4.31578
4.16372
3.29665
3.23553
4.20788
4.34474
4.47808
3.72004
3.29967
4.73677
3.64389
4.09236
4.01168
3.55934
4.56564
2.83091
2.42213
2.97328
2.52593
4.57189
4.40148
4.40517
2.63014
4.21291
2.31553
2.78481
2.67082
1.77201
2.25672
4.53733
4.32779
3.16526
1.45361
1.52797
1.46808
4.24696
3.98915
3.86331
3.91433
2.86315
2.44466
2.41328
2.58052
3.91068
4.34595
3.68821
4.00957
3.49573
3.48324
4.69414
4.09316
4.52918
3.67568
4.7147
2.56121
3.55978
4.25087
4.29871
4.49832
3.50894
3.02918
3.48026
3.16928
2.78021
3.4352
1.87342
4.17901
4.21799
3.55237
3.82313
3.10735
3.72916
3.73543
2.63211
3.84268
4.60881
3.63885
4.33881
4.23676
4.16439
3.44066
4.47537
4.18441
3.54162
4.05952
3.6465
4.23779
2.91412
3.97898
3.77343
4.20866
3.53067
2.48605
2.61277
2.57885
3.90223
4.49883
4.16949
3.61088
3.36189
4.596
3.8178
3.94408
4.03098
2.34564
3.19657
2.96462
3.3838
4.64837
3.08894
3.06284
3.79513
3.86787
3.47999
3.41037
3.72346
3.71999
3.13403
4.46174
3.62627
2.9598
3.32089
3.48711
3.96878
2.63909
3.64268
4.69875
4.4194
3.04567
2.36141
2.47397
3.92119
3.8315
4.38111
2.85322
4.16372
2.53117
3.73491
3.53586
4.58758
3.9091
2.76352
3.03697
2.73197
4.75886
4.49014
3.39703
3.37389
4.26322
4.27493
4.46006
3.49238
4.03419
3.68329
3.48833
3.34151
2.79611
3.68657
3.78216
3.83852
3.74523
4.67808
4.09297
4.62355
4.21492
3.78906
3.69033
3.53001
4.27183
4.78737
3.90427
3.79339
3.09828
3.29351
4.75421
3.31598
2.0688
1.92813
1.89078
2.13389
4.7018
4.32489
3.92787
4.04959
1.9181
3.13496
3.90801
3.75651
4.00537
3.55884
4.19332
3.15961
4.6192
3.69845
4.64484
3.95045
4.81599
3.46573
4.47432
4.50577
4.08446
3.9664
4.40076
4.32474
4.3923
4.84048
3.80397
3.98711
3.20654
3.49049
3.8772
4.7365
4.13214
4.33268
3.84296
4.28816
4.32687
4.40255
3.74777
2.86464
3.08341
2.84381
3.8957
2.9322
3.62628
3.05045
2.80075
2.76715
3.43832
4.70851
3.89838
4.66971
3.8754
3.52687
3.35885
3.86002
4.36884
4.27503
4.17821
3.24385
3.73473
3.74238
3.6134
3.04359
3.86662
3.11285
3.4222
3.67137
4.36136
3.01624
3.17157
3.24675
3.95707
3.96496
2.84103
2.55883
2.74376
4.59525
3.859
2.82804
4.29523
3.66778
3.96423
4.39586
3.52179
4.08688
2.62854
2.40304
3.77207
4.53233
4.27567
3.86565
4.23238
3.48543
2.01069
2.35829
2.00632
4.58489
4.49635
3.90787
2.2488
2.67459
2.04251
3.6679
4.00338
3.22469
3.4599
3.22765
3.41173
3.05524
3.38655
4.26476
3.57158
4.19766
2.64325
2.22889
3.00054
4.08042
3.60873
4.76114
3.08668
4.34272
3.84867
3.83118
4.305
4.43619
2.98194
2.9892
3.24853
4.78324
3.64461
4.13148
4.06425
3.12061
4.01126
4.03426
4.0759
3.67072
3.52179
3.80518
4.8624
4.69085
3.79456
2.15339
3.23774
3.49132
4.43515
4.18698
3.43105
4.57307
3.83739
2.97794
3.51291
4.64517
4.60397
3.80043
3.82838
3.71537
4.2439
3.76438
4.63712
3.60619
4.33962
3.93449
3.52714
4.50248
4.83985
4.307
4.07924
4.11429
2.80641
4.16831
2.99292
4.66201
4.58557
3.1024
2.50094
2.17465
4.6241
4.83013
1.57909
1.59678
1.65786
2.19867
4.57887
4.67988
2.10224
2.31912
2.20364
4.56839
2.8447
3.64035
3.67875
2.7112
3.26642
3.29796
3.94621
4.51197
3.48706
3.7709
4.0777
4.81845
3.21787
4.6855
3.5397
3.30996
4.37546
3.57506
2.45265
2.50723
4.5197
3.77902
3.99951
4.24746
3.38697
2.71837
3.91303
4.18714
4.29349
3.07313
4.71508
4.05639
4.09911
3.94163
4.03506
4.31915
4.75363
4.48005
3.99047
4.83467
1.07425
1.09922
1.09528
4.83234
4.14012
3.70247
1.20409
1.32001
1.17992
4.67811
4.60444
3.88642
4.49202
3.6392
3.64217
4.54522
4.48892
4.53418
3.25707
4.556
4.75904
3.62676
4.7108
3.43382
1.08361
1.06748
1.11121
4.1163
4.31975
3.67132
3.30979
3.3577
3.3347
4.77579
4.42537
4.32366
3.17609
4.49327
4.43546
3.59572
4.38828
3.57033
4.67497
3.75892
1.54762
1.28936
4.01722
4.68866
4.62196
4.50036
3.472
3.59621
3.11585
3.46086
2.76658
4.20587
4.66974
3.80474
2.94366
2.72123
4.08509
4.49296
3.79521
3.47492
4.39239
4.65234
3.51226
4.57773
2.21389
1.77709
4.09329
3.94292
4.01139
4.38781
3.92921
3.42489
2.2463
3.12138
3.80137
4.77109
3.72456
2.67464
3.08485
1.93829
4.77442
3.75656
4.81088
2.9175
4.65659
2.54713
3.75746
3.13358
3.63083
1.50413
3.47367
1.48146
3.414
2.17153
2.18994
3.62587
4.48735
4.45189
4.46586
3.8881
4.03477
4.22951
3.46329
2.78843
3.30474
1.23796
2.15487
4.25933
3.39262
4.32933
1.1838
1.1141
1.13743
1.17106
3.77681
2.38152
3.91161
4.38036
2.41519
4.4176
4.41093
4.62009
3.77953
2.82591
4.25001
3.27558
4.48358
4.38732
3.89187
2.84498
4.47608
4.29442
4.54104
4.10873
3.66163
4.35053
4.26953
4.17186
3.3867
4.25959
4.22236
4.51007
4.65043
3.58915
3.70772
4.68338
3.86827
4.45601
3.28513
1.07731
1.0627
1.04536
4.38962
3.51521
3.31602
3.32694
3.46322
3.32026
3.41667
1.42696
4.5374
4.7449
4.45927
4.67931
4.71024
4.64486
4.31241
1.25059
1.22106
1.20565
4.72614
4.06261
3.14405
2.20165
3.43123
3.58089
3.53273
3.42463
1.93671
2.08539
4.67792
4.70566
3.90075
1.40641
1.89152
1.38687
4.56637
3.47334
2.48502
1.59436
1.15636
4.79196
2.00495
2.22226
4.45249
4.51673
3.97676
3.95902
4.54714
3.05051
3.9295
3.64794
4.57427
3.3997
4.27936
3.16594
3.5497
2.56196
2.46851
1.12955
1.48246
1.14122
4.6495
4.55234
3.34142
3.40933
4.1525
3.25266
1.11632
1.07481
4.0144
4.32158
2.30193
1.69891
1.96804
2.02106
2.60107
2.74063
4.19938
4.40938
4.18655
4.07504
3.66924
3.92478
4.69176
4.59853
4.26641
3.81612
2.01492
2.58965
4.38651
3.88415
3.84292
3.26944
4.49433
3.29088
4.43755
3.30383
4.93888
3.66798
4.73056
4.59799
3.19922
4.42651
3.86526
3.69179
3.54858
1.90974
4.797
4.78347
4.66455
1.34104
1.22856
1.26349
4.68125
3.17746
3.01812
2.73165
3.49847
1.42959
2.78723
3.61469
4.61696
3.83851
4.80515
4.89224
4.03701
4.70735
3.48606
3.99665
4.89664
1.08968
1.19419
3.60151
3.6647
3.85432
4.61816
3.51525
2.40351
4.56178
3.65989
4.50263
3.08115
4.58843
3.9557
4.18749
3.97736
4.54999
2.16731
4.77358
1.20937
1.23091
3.46115
4.68856
2.56401
3.14726
4.7477
4.77415
3.70449
4.86291
1.28531
1.24893
1.44158
1.21241
3.97932
3.06687
3.73712
1.28109
1.32167
1.17636
1.28549
4.1296
3.83467
4.46974
4.08281
4.28625
4.2382
3.86858
4.18006
3.82088
3.36709
3.76185
2.28717
3.5495
4.61612
3.75714
4.73912
3.71566
3.81589
3.81956
2.95727
4.64155
4.05645
3.55387
4.28392
4.45394
4.03986
3.62674
2.23287
4.66709
2.90695
2.13304
2.8711
3.90322
4.56501
4.88705
3.53566
3.94543
3.45629
3.07793
2.79064
4.22285
4.73812
3.9972
4.5594
2.95243
2.87063
4.69026
3.82763
3.96093
4.57874
1.6434
1.54978
2.32132
2.18801
2.62964
2.40399
3.77482
1.13367
1.37444
4.65652
3.62538
3.84177
3.34434
3.81511
4.7376
3.82539
4.80524
3.70972
3.56273
4.44676
2.88374
4.39949
3.31315
4.39728
4.81673
4.42393
4.31155
3.58579
4.81979
3.49112
3.52108
4.38815
3.14545
3.85274
4.101
4.27191
4.48458
2.95758
1.15731
1.37364
1.1753
3.45514
3.64642
4.17546
1.34067
1.21703
1.54172
1.26743
4.82202
3.29046
3.94357
4.7907
3.88052
1.17726
1.13028
2.0624
1.1296
1.23808
1.11098
4.66047
3.04449
1.08834
4.4792
4.10151
1.69221
1.69508
4.58429
4.70545
3.74544
1.20932
1.05938
1.16841
1.69719
4.16516
1.89367
4.08751
3.26499
4.40518
4.40147
4.7857
4.13092
4.58791
1.14103
1.20089
1.16841
1.22232
3.28949
2.76169
3.8973
2.21667
4.45032
3.01725
2.63117
2.34437
4.62778
1.99642
2.13685
2.13066
3.20708
3.60803
3.32143
3.90594
2.73608
3.91321
3.90196
2.68444
4.90098
4.25893
1.20523
1.5455
1.1779
4.28998
3.60739
3.88839
4.22972
4.15062
3.33102
4.10876
3.81632
4.36957
3.97925
3.19835
3.20895
3.082
4.22948
1.17851
1.51247
4.81818
3.96231
1.25599
1.17915
1.10763
4.16543
3.18114
4.382
4.61357
4.61352
3.39587
4.75101
4.00101
3.74368
3.1943
4.04036
4.11891
3.43411
4.09563
3.84829
3.11445
2.50495
4.27647
2.90693
4.40622
3.99422
3.18159
2.45875
3.2189
3.44096
3.50391
3.25151
4.7542
3.6944
3.28916
4.82007
2.74097
4.6948
4.58984
3.50082
4.53857
3.41225
3.18971
4.47015
4.455
3.47326
4.58819
2.744
3.53645
3.83815
3.97263
4.62134
3.97928
4.02317
4.02161
4.17506
4.00299
4.36161
3.16514
2.08958
4.09236
4.35355
4.42004
4.18153
2.64949
3.96809
4.09611
4.75305
4.72818
3.93198
4.72111
4.56843
3.00454
4.655
4.0794
1.98364
3.90423
3.93799
4.09947
3.70298
4.16652
3.217
3.08432
4.54806
3.4531
2.30456
2.69108
3.67554
3.88397
4.86096
3.56523
4.72428
3.68895
4.68554
3.35563
3.11829
4.74581
4.10312
4.12006
4.27022
4.11525
3.90021
4.28246
3.67302
3.32398
4.89511
3.86474
4.90359
4.84964
4.47349
4.05132
4.6048
3.12848
3.6086
3.5661
4.5187
4.16709
4.69166
2.5935
2.38065
2.90774
2.39308
3.47772
3.99439
3.52608
4.64543
4.1118
4.63147
3.41138
4.60853
4.09162
4.33446
3.70078
1.91966
2.47498
3.90102
4.70631
4.08839
4.20323
3.73517
3.90399
4.79427
3.3229
4.77681
4.243
4.31569
4.7106
2.01749
2.04798
4.18399
4.62076
4.73047
3.94904
4.33129
3.34415
4.51907
4.34186
2.61564
4.77151
3.98985
2.31531
4.33958
4.63918
4.62746
3.49471
4.35717
1.53581
4.35076
4.2453
2.84439
4.32893
3.22133
3.98616
3.52795
3.12217
3.14218
4.74749
4.18236
4.59407
3.9652
4.5918
3.64111
4.76159
3.60059
3.43963
3.41242
4.57811
2.79698
4.62289
3.73922
3.60812
2.90794
3.25197
2.25625
1.97303
3.80646
2.05794
2.05343
3.70792
4.81185
1.63963
2.0452
1.53905
2.14421
3.75082
4.66692
3.38529
4.45024
4.59722
4.77405
4.84475
4.27006
3.99746
3.78389
3.65435
3.62757
4.90142
3.48972
4.82333
3.19558
4.83852
4.82061
4.79038
4.14223
3.23123
4.73071
3.85747
4.50248
4.51791
4.36178
3.66291
3.64476
4.36326
3.04061
3.64675
4.58055
4.75857
3.8916
2.57656
2.82887
3.30717
1.9381
4.43836
4.58062
4.13134
3.89458
4.5857
4.79877
4.16175
4.66425
3.70453
4.72666
4.54577
4.47127
3.72407
3.34776
4.6002
4.43865
4.85984
3.29197
4.82159
4.66774
3.69216
3.86636
4.24846
3.34257
3.35557
4.30338
4.39847
4.69681
4.37406
4.6892
4.48141
2.18622
4.29925
2.47929
4.71995
3.66866
4.57524
3.80623
3.54158
2.62304
3.16774
4.75047
2.16383
1.83026
2.59348
2.31663
4.57284
4.30761
3.69813
3.97892
3.11986
3.70809
3.68315
4.38099
4.50905
4.01417
4.76762
3.50623
4.42382
3.33442
4.75985
4.43081
3.72974
4.2717
2.83495
4.54425
2.29322
2.80387
4.08907
4.00834
1.51186
1.66867
1.39475
4.56785
3.94488
3.64601
2.53478
4.70328
4.02729
3.21146
4.69255
3.39196
3.32441
4.63177
4.53723
4.21792
4.55381
3.1363
2.92078
4.59883
4.38167
3.46041
4.86658
3.49042
4.50454
3.35277
4.659
4.30704
4.43252
2.81635
3.54509
4.65642
4.28278
2.65918
1.73502
2.92356
3.69487
4.1623
3.21158
4.65787
4.70165
3.4583
2.00507
2.2554
3.01147
2.14291
3.89663
4.20877
2.8373
3.96504
3.30869
4.14007
4.49101
4.16345
2.26439
2.33788
3.4317
4.74755
4.17834
4.54522
3.37578
3.99433
3.61026
3.57932
3.93814
4.52977
4.42193
4.67763
3.7392
4.67943
3.50517
4.6908
4.81708
3.75789
4.17396
4.61879
4.67678
3.96267
4.79752
4.50871
3.94011
4.03194
4.54003
4.86775
3.32304
3.22238
2.70514
3.57804
3.74819
4.01715
2.33514
4.18944
4.06566
4.80445
3.927
2.82143
2.6605
4.34431
3.67475
3.92871
4.57386
3.58124
4.87217
3.72536
4.50346
3.94144
4.4984
3.24886
4.61788
3.31499
4.69089
4.64693
3.88146
4.08268
4.15579
4.55567
3.80612
3.93662
3.2918
2.68173
4.09285
3.62404
3.51322
3.98489
4.76564
4.79009
3.94607
4.36459
4.13342
4.33866
2.69833
4.7414
2.92179
3.93838
4.08383
4.57494
4.70201
4.46532
4.06779
4.45842
4.40274
4.05465
4.73798
4.60426
3.81772
4.28022
4.34531
4.28328
4.78646
3.68269
4.75427
4.72948
3.13384
4.65489
3.45505
4.69132
4.74147
4.15478
3.7069
4.11407
4.18816
4.72205
4.74475
4.5906
4.69603
3.55115
4.70273
4.66577
3.42681
4.62758
4.69413
3.4171
4.60532
4.71274
2.96507
3.95759
3.84342
2.42271
3.85514
4.63061
4.27675
2.56647
3.44442
4.27587
4.79532
4.59934
4.41959
4.44513
3.3959
4.45772
4.84846
3.96593
4.74923
4.53276
3.14907
4.77319
3.3587
3.34738
3.38463
3.30612
4.47961
4.51424
4.24743
4.22254
3.66988
2.80109
3.08393
3.07767
3.63304
4.6355
3.73176
4.56337
3.5037
2.88217
3.64237
3.95915
3.62593
3.45874
4.3239
4.48195
2.9513
4.83518
4.61873
3.7319
4.13733
4.58276
4.69171
3.24206
4.6813
3.66345
4.64333
3.4245
4.72816
4.81536
2.321
1.81243
2.44022
2.36934
4.74175
4.18428
4.78502
4.11984
4.74218
4.02682
4.13971
4.86727
3.97619
4.60073
4.65801
3.69628
4.63716
4.64713
4.0431
4.52838
3.15213
4.58133
4.03702
2.49882
3.58158
4.10573
4.0706
3.44238
4.21874
3.7151
2.39845
4.83179
3.71951
4.80308
1.86457
4.63442
2.72107
4.54436
4.19247
4.10769
4.51676
4.83112
4.34917
3.38938
4.52509
3.62502
4.23919
3.2776
3.90953
3.8539
2.91218
3.89546
3.59256
1.49506
4.74664
3.21452
4.20378
4.38611
2.3348
4.54788
4.53205
4.81445
2.23316
4.69154
3.92353
4.15432
3.99192
4.49458
4.55399
4.09207
4.4455
4.52659
4.6628
4.82326
2.31588
1.67979
2.20699
4.52428
4.5891
2.29744
3.19403
4.7472
3.66756
3.75805
3.71518
4.75914
3.25387
3.4082
3.69305
1.39733
1.4173
1.56047
1.40785
3.54223
4.70396
4.68583
3.65256
4.70387
4.84074
4.4883
3.88923
4.14051
4.09084
3.65285
3.68754
3.99771
4.05946
2.99682
4.18048
4.34552
2.46658
2.289
1.70149
3.64191
2.23644
1.93497
4.20675
4.65483
4.54411
4.52013
4.72999
4.45314
4.14656
4.6608
4.26336
4.69185
3.75705
4.75383
3.05037
3.39189
4.53136
4.6362
4.65074
1.36559
3.10759
2.47505
1.6069
1.60192
1.90797
3.31482
3.7498
4.04373
4.59874
3.94806
3.06068
4.70166
2.94685
4.44099
3.1154
3.91528
4.65612
2.95168
4.87124
4.78031
3.50577
3.16897
3.44854
4.79292
3.64622
4.24082
4.02909
3.45039
3.56908
3.1547
4.40559
4.67214
3.6516
2.0099
1.90001
2.39252
4.79306
4.5653
3.74294
4.47106
3.51279
3.68297
4.00282
4.70045
4.49641
3.76056
3.76189
4.75229
3.56443
2.86944
2.90264
3.92185
3.85915
4.63252
4.54162
3.6003
4.62748
1.86835
4.77833
3.77043
3.87532
3.60345
4.14684
4.40181
4.74954
2.89045
4.7136
4.38083
3.03815
2.48876
3.50028
1.67998
4.77654
3.73904
4.55983
4.36649
4.58495
3.37432
3.72997
3.83512
4.47588
4.51446
3.89972
4.29931
4.27193
2.80578
4.66726
4.03737
3.81631
3.84956
2.87643
2.91036
3.40632
4.16608
4.07035
2.19905
3.52528
2.37734
2.5616
2.81517
2.98521
3.20275
2.04804
3.21919
4.70276
1.54683
4.75063
4.70611
3.81069
4.69094
4.69733
3.68969
3.14649
3.35588
4.59925
2.11545
4.80863
3.94648
3.9719
4.54246
3.80679
3.29976
3.99661
4.21203
4.45947
3.63439
3.78116
3.18153
3.20021
4.69681
3.77185
3.99382
3.68059
4.72516
3.46845
3.47968
4.68968
2.58801
4.77147
3.70788
3.28274
4.51769
3.23933
3.46642
1.92566
4.15229
3.40191
2.10393
3.79239
4.76026
3.83658
4.10499
3.96227
4.66258
3.69629
3.79101
3.16406
2.12696
3.18671
3.45303
4.45939
4.05159
4.44382
3.42059
4.17815
4.11448
3.88754
4.66257
3.73618
4.60876
4.32909
4.02036
4.65666
3.92868
4.68098
4.69341
4.55108
3.35116
4.59553
3.55575
4.64351
3.76811
3.33146
2.21286
4.51333
4.69962
3.97083
4.50077
2.03447
4.79626
3.77647
3.43081
3.54077
3.02781
2.20853
2.28248
4.80427
4.22396
2.51208
2.66813
2.58737
3.8649
4.48274
4.05958
4.10177
4.26492
2.65237
4.2225
2.37958
3.56472
1.85657
2.427
1.73776
2.39774
1.6923
2.96946
4.37222
4.45824
4.42627
4.20485
4.70686
3.96319
4.49306
2.38366
3.71171
3.75386
4.45515
3.90983
4.83847
4.00505
4.02757
3.13631
3.49876
3.84201
4.7021
4.05213
3.58195
4.60182
2.9849
4.90605
4.67966
3.07684
3.61713
2.10787
2.53889
3.58279
3.16331
4.39928
4.41183
3.91117
4.31545
4.25513
3.3749
2.85614
3.2817
4.31793
4.17201
3.71629
4.68094
4.14552
3.93784
3.75603
3.89546
3.62157
3.66362
3.65614
3.73347
4.17707
2.53485
4.19069
2.96615
3.24592
2.76462
4.2587
3.79262
3.65511
4.10866
4.17157
3.23357
3.92228
3.68632
4.7487
3.29815
3.37839
2.66464
4.16809
2.68599
3.72609
3.65471
4.56497
3.69958
3.7478
2.60802
2.76134
3.01281
4.63368
3.65056
4.62347
4.52921
4.33036
3.09543
4.12845
3.8182
4.73487
3.74027
4.68345
4.65984
4.35677
3.13188
3.35385
2.98938
2.43445
2.42795
3.52959
2.0284
3.37914
2.41728
3.88932
3.48249
3.49499
2.55361
3.35016
4.67639
3.5763
3.26496
4.314
3.91439
4.11353
3.96742
1.30791
3.85662
2.86339
4.38099
1.55105
1.4641
4.64516
4.61028
3.39109
3.54996
3.40809
4.62302
3.524
2.96946
2.74585
3.81251
3.12812
2.07343
4.34319
3.36671
4.30804
4.13183
4.39842
1.32193
2.69293
4.5474
4.27708
3.33794
3.25466
2.44408
3.19064
3.99113
2.51465
3.48831
3.94947
1.3
1.12182
1.21951
1.09102
4.72391
4.5278
3.44831
3.43072
3.62617
4.80031
4.23536
3.75447
4.82433
4.45265
4.81122
3.85576
4.07907
4.80178
3.95896
3.66496
4.61364
4.18911
1.07812
1.06568
4.71546
4.69764
3.5469
3.31267
3.16915
3.56032
3.67585
3.41047
2.78691
4.74484
4.41105
3.25241
1.46402
3.71615
3.9884
4.00706
4.73888
1.23301
1.18459
1.12522
3.58038
3.13643
3.72466
3.48691
3.55077
4.51598
3.55104
3.83792
4.84641
3.59562
4.67661
4.70088
4.17574
4.37835
3.69631
4.74536
4.79033
3.56116
4.75703
3.71145
4.80162
4.60458
3.79193
3.85224
4.36439
3.63644
2.31175
1.49509
2.61624
1.40532
1.6482
3.84681
4.56312
3.97127
3.10192
3.63231
4.34157
3.66019
4.77543
3.83359
1.18141
1.07383
3.74093
1.93093
2.00639
1.56807
2.01699
4.43864
3.07991
3.87422
4.08853
2.75483
4.60706
4.39452
3.30488
4.50263
3.47591
2.47939
2.65663
4.56413
1.70615
1.28743
1.53452
1.28912
4.41971
3.76215
3.82874
1.11486
1.08893
1.0672
4.6979
3.89651
3.21949
2.8448
4.365
3.56276
4.37269
3.24442
3.54433
2.87316
2.34931
3.09544
4.38352
4.48569
1.53624
3.64891
2.64995
3.88809
4.57254
1.99019
1.96876
2.5039
1.94073
4.18839
3.39703
4.78452
4.23673
4.24578
3.06675
4.30872
3.39617
3.86754
4.55624
4.07257
4.64176
4.30278
3.26667
3.48076
3.47832
3.91644
4.58389
4.44581
4.5796
3.38227
1.70337
2.40721
2.27231
1.44861
4.58563
4.73018
4.68983
3.78568
4.22716
4.56727
4.22926
1.2026
1.13399
4.5761
3.4132
4.24111
4.44719
3.7114
4.21808
4.75708
3.9321
4.74579
4.74822
4.72848
4.2754
3.64417
4.59954
3.6563
4.66575
3.63943
4.28275
4.02451
1.14831
1.14682
2.57857
4.59544
2.22132
3.60384
4.39492
4.49398
4.55435
4.64259
4.13588
1.08128
1.11024
3.11097
3.97642
4.17651
4.21114
3.52173
3.67247
3.76316
4.25095
3.62532
4.55313
4.0034
3.7427
3.56989
4.07608
4.07608
3.75293
4.16798
3.32849
4.495
3.26441
4.18036
4.35307
4.31582
3.03413
4.53074
3.99311
4.08522
3.2991
3.65564
3.89118
4.61111
4.46141
3.80151
4.36595
4.54567
4.19089
4.83115
4.36425
3.88455
4.35328
4.7917
4.19122
4.65805
4.2556
1.32494
4.6958
3.14105
1.50992
4.70513
1.35673
1.53095
1.37261
4.71464
4.18782
4.70485
4.62806
4.63406
4.49909
4.32505
4.47825
3.04912
1.22039
1.0764
1.14092
4.72193
4.54694
2.80599
3.83454
3.45514
4.50152
2.95008
4.23474
3.99932
3.65035
4.41615
3.5227
4.0975
2.45546
2.99115
1.2376
1.15246
4.2604
2.45395
3.96727
3.90963
2.62842
1.51684
1.71675
3.68984
4.74138
3.8628
4.45419
2.70181
4.52683
4.40331
4.69827
3.6762
3.92871
3.02939
4.09374
3.44566
4.00727
3.87096
3.56093
3.80021
1.67264
1.28469
3.72181
4.20358
3.44171
1.40994
1.24121
4.67678
3.75806
4.66085
3.32346
4.67006
2.58809
1.91308
2.57294
4.38269
3.90957
3.6484
3.33861
4.40708
1.09672
3.84003
4.08438
2.78909
2.15286
4.40206
4.91044
4.50909
1.10018
1.12439
1.07162
4.02069
1.65458
1.49981
1.15202
4.36473
1.30574
1.16866
4.67244
4.68572
3.74721
4.14716
4.85122
3.59532
2.56972
4.05504
3.85495
4.52127
3.55409
4.73473
3.51871
3.14875
3.33765
4.6232
4.76449
4.56
3.63424
3.70767
2.88616
2.08509
1.32063
4.66158
4.5563
4.66347
3.41007
4.59111
4.69544
4.46958
3.72793
4.55638
3.7377
1.065
1.08422
4.40477
3.57648
4.34079
4.50521
3.87673
1.66047
1.74556
4.50185
4.17156
4.27702
1.07425
1.13049
1.09983
4.32853
4.58592
4.49004
4.70296
3.76776
3.81366
1.13569
4.33082
4.44136
1.27841
1.18648
4.63055
3.28583
4.22175
4.52488
4.42498
1.28143
1.34181
1.28061
2.98043
1.08548
1.15221
4.68598
4.07452
4.69397
3.62106
1.15971
1.13054
3.79512
4.15424
1.06632
1.10518
1.07808
4.59477
3.58959
4.44811
3.23191
4.48472
3.88769
4.38603
4.66228
1.17251
1.12529
4.18325
2.89934
4.16156
3.05541
3.18658
4.59444
2.78051
3.47131
2.32084
4.8167
3.92268
3.40868
1.20577
1.25347
1.22616
4.30723
3.65693
2.95658
3.09756
3.14724
4.77685
2.54694
2.06295
4.63835
4.61894
3.84863
3.79131
3.41673
1.63792
1.51328
4.73761
4.67904
4.1173
3.35667
4.56857
4.32614
3.28424
3.20594
4.20632
4.59082
3.93258
4.7185
4.77613
3.48475
4.40727
3.73954
4.79636
4.09588
4.63314
3.68188
3.23233
4.60763
3.66092
4.55751
1.10712
1.0871
1.06549
4.35651
3.62477
4.55878
4.01856
3.31301
4.65373
4.7464
4.24597
4.60155
3.43166
4.47028
4.24897
2.17854
3.61841
3.8105
3.55079
3.92766
3.64965
4.15396
3.88512
3.67146
3.06657
3.30347
4.32495
4.84772
4.39429
4.87406
3.75783
4.77102
3.84445
1.12546
1.23775
1.16445
4.07881
4.6246
4.10317
2.85741
2.6277
4.53247
4.5854
4.22639
4.32329
4.08045
3.45031
3.11381
3.91292
4.71035
4.11829
2.68698
4.0285
4.75717
4.32144
1.0637
1.13911
1.17301
1.075
4.77348
4.52587
3.59806
3.25359
3.98462
3.01793
3.53935
4.78418
3.29742
4.78359
4.82435
3.17657
4.64539
3.81038
3.78457
3.16387
4.54776
3.91363
4.70184
1.27646
1.14728
4.36728
4.78525
4.34847
4.75477
3.28992
3.78046
3.20679
3.3445
2.33385
3.73095
1.12391
3.94211
4.16462
4.358
3.09725
4.09061
3.58028
4.47519
2.62495
4.65791
3.28367
4.04499
4.02076
2.88132
2.35945
3.62088
4.76157
3.43593
1.17314
1.15954
1.15373
1.27186
1.1051
3.84557
3.93726
3.09217
4.29527
4.58117
4.02195
4.6743
3.89643
3.09819
3.22757
2.25713
2.88945
4.61265
4.56326
3.79121
2.9871
4.22998
4.68096
4.0623
4.63783
4.44506
4.31802
3.75995
4.47976
3.54999
2.06301
2.63682
4.02433
1.1803
3.39428
3.38313
4.13589
4.5742
3.79277
2.64059
3.77932
3.90582
4.74401
4.04703
3.54798
4.4834
4.74066
4.67405
3.53381
4.5463
3.82675
3.72726
1.44111
1.48612
4.44926
4.65937
4.67592
2.93424
2.97049
4.05844
4.74302
3.1638
4.65793
4.6045
4.55044
3.73281
4.48221
3.9246
2.47859
4.30156
3.6478
4.54848
3.45618
1.31013
3.57944
4.03715
4.76155
3.56481
4.69207
4.55504
4.50196
3.97979
4.26319
4.55248
4.56396
4.68097
3.61597
4.58036
2.96322
4.54734
3.51493
4.47785
3.62461
3.91663
4.843
4.48841
3.42731
4.87845
4.76021
2.77796
1.17297
4.34214
1.68101
1.8082
1.57647
1.27938
3.69651
3.2284
3.53797
1.91207
1.14129
1.30288
3.46041
4.08846
3.0166
4.26312
4.00259
4.37996
1.19949
1.1799
1.32981
1.38293
3.48247
4.54185
3.50712
3.25839
4.68748
2.86201
3.91555
2.2992
2.19004
2.11727
2.25755
3.78876
4.70503
4.37445
1.24148
4.50505
3.71821
3.69519
4.26463
4.4344
3.61735
4.49384
2.38948
1.4444
1.31132
3.86289
4.68967
3.74607
4.22728
3.60689
4.26763
4.50755
3.75894
4.18086
4.36741
4.58095
4.48419
4.83082
4.34206
4.491
4.24922
4.67509
3.488
4.32012
3.32415
4.89943
1.17734
1.39492
1.2447
4.48615
3.98989
3.65246
3.93229
2.25649
2.39361
2.88219
3.01082
4.33811
3.94615
1.08125
4.53592
3.98437
1.88242
2.73508
4.49665
2.57597
4.32415
4.38915
2.18668
4.26379
3.45358
4.21792
3.65245
2.94162
2.4241
2.74606
3.41308
4.71981
3.22892
3.62122
2.3822
4.51288
2.40919
3.45081
1.30266
2.54029
1.23368
4.58333
4.53436
3.42024
3.75464
2.88199
4.20842
4.79918
3.58656
4.5317
3.48395
4.56465
3.92796
3.96385
3.99681
4.48033
3.9956
3.45797
2.67602
3.11754
2.38222
3.67541
3.0305
3.83816
2.959
4.04888
4.39836
3.63863
4.13939
4.57204
3.82371
3.92945
3.35154
4.7354
4.76154
3.34394
2.85308
2.89139
3.63441
3.53518
2.14725
4.24918
4.24446
2.63534
1.9449
2.11425
4.27934
3.89199
4.43443
3.91351
2.97847
3.4673
3.01872
3.19166
4.72393
4.67571
3.1505
3.22529
4.54311
4.56455
3.65069
4.49498
4.64312
3.69725
4.23236
3.8998
2.75451
3.1106
2.47348
3.19047
3.86992
4.15207
4.22821
4.28665
3.56934
3.2795
4.55378
4.10373
4.19473
3.20469
4.66329
3.76234
3.20617
3.39732
1.59796
3.1288
3.18772
4.34838
3.07433
3.25014
3.38455
1.50157
3.11318
4.76023
4.36385
3.15676
4.40651
3.67765
4.55616
4.83679
2.70636
3.79141
3.05388
4.08574
3.31509
3.05106
4.65324
2.27771
4.05748
4.53236
2.5696
3.08623
4.19491
3.32039
4.23201
4.61024
4.22043
4.38274
3.42574
3.76744
3.71745
4.78725
3.60765
2.39136
3.82811
2.72096
2.85654
3.40914
2.6547
3.88062
3.8917
3.60613
3.76361
4.31955
3.04398
4.13108
4.70444
3.59447
3.56133
4.50811
4.5719
3.08935
4.61564
4.2991
3.1077
3.31622
2.73948
3.055
4.52454
4.5619
4.10709
4.47567
3.59679
4.18637
3.62964
3.94825
3.95173
3.84246
3.24057
3.09879
2.2502
3.04853
2.72117
2.45388
2.11947
3.2128
4.74418
3.68662
4.16121
3.82829
3.82132
3.00517
4.38651
4.15327
4.12912
3.46946
3.01006
4.35304
3.78355
4.46432
3.85851
4.34313
4.7287
4.65246
3.5636
3.9289
3.46157
3.40361
2.66256
3.69554
3.71736
3.48153
3.65673
3.50447
4.58177
3.89011
2.06855
2.77653
4.87873
4.13119
4.31747
4.13962
4.15515
3.22885
3.76909
2.73205
2.61609
2.27864
2.09239
4.7707
3.75347
4.05906
2.78359
2.92334
3.98832
4.63358
3.41686
3.94794
3.13011
2.68913
3.57561
4.64508
3.56954
4.57631
3.83184
3.79049
2.89994
4.0174
4.6781
3.26391
3.78795
3.80728
1.74667
3.88765
4.59384
4.82147
4.41058
3.46349
3.03331
3.72113
2.33461
3.87611
3.01279
3.62183
2.97571
3.77475
4.66434
4.27202
4.32256
2.88038
4.24737
4.77111
3.76399
2.03755
2.08115
2.13917
1.94249
4.18541
2.84688
2.34507
3.82135
2.34386
2.8743
4.2421
4.24966
3.90265
3.97007
4.16445
4.52828
3.82133
1.9055
3.16761
2.57814
3.24018
2.46464
4.49911
4.28762
3.54338
3.51956
3.8443
4.79399
3.39889
4.64323
3.10207
3.70146
2.79075
3.2536
3.50304
3.68224
2.96973
2.44973
4.67447
1.98455
2.5092
2.61405
2.27113
4.53133
4.29691
2.79479
4.68273
4.65752
3.18137
3.38992
3.45671
4.45304
4.09174
2.95338
4.50273
3.5153
4.63799
3.00544
3.6291
4.22241
4.00589
1.95459
1.58008
2.06886
4.60465
3.84451
3.10221
3.84744
3.13143
3.81339
4.09028
4.22291
4.67596
3.53801
3.73669
4.48273
4.47963
3.99594
1.9352
2.08526
4.69161
3.47771
4.53791
3.54647
1.95908
1.77883
1.99246
3.91881
3.06803
3.03997
4.53229
4.71303
3.99816
3.93152
3.82135
3.91867
3.85826
2.55335
3.6764
3.87871
3.85124
3.81574
3.43708
3.64026
3.76766
4.49544
3.15568
2.29407
2.8914
2.81164
4.52165
2.85142
4.41706
4.63304
4.61555
3.77945
3.6596
3.82068
2.70691
4.55301
3.74451
3.28599
2.96941
2.56635
3.2994
4.41263
4.12556
4.41391
3.80268
2.00129
4.5264
3.80012
4.83568
4.54953
2.53778
3.07687
2.96594
4.64576
4.72845
3.42292
4.33207
2.11055
2.38198
4.37595
4.28357
4.58662
4.45585
2.88732
2.31668
2.93957
4.72817
3.75716
3.80393
2.36215
2.75077
2.438
3.02452
3.70828
3.14526
4.22917
3.98331
4.54641
3.41942
3.07496
3.2091
3.79131
2.26439
3.38677
4.67468
3.99942
3.21441
2.72141
3.07203
2.88711
4.49302
3.66632
4.38148
2.8683
2.20099
1.92677
4.77281
4.55286
4.34045
4.29479
4.53259
4.26246
4.57469
4.76705
3.48267
3.56997
4.02823
4.65326
4.35609
4.23396
4.20085
4.1471
4.50095
3.88858
3.77592
2.52396
4.57655
3.76853
4.2131
2.73741
3.06271
2.59581
3.46258
3.73003
2.94642
4.36805
4.57341
3.17544
3.17296
3.34415
4.67037
3.7672
4.57315
3.35113
4.66753
4.66908
4.20008
3.19931
2.59083
4.47042
2.87258
3.89427
4.72937
4.46354
1.86751
1.93234
2.12213
4.15182
3.55402
2.54453
2.72304
2.84513
3.08588
4.8257
3.51255
2.73478
2.27322
3.66062
2.72704
4.1382
3.48678
3.22575
3.26308
2.30731
4.06029
2.97125
4.57326
4.02164
4.57486
4.22449
1.56832
4.31842
3.55116
4.6143
4.37475
4.70912
4.56923
1.5745
1.31088
4.00287
4.57121
3.5827
4.51665
3.35781
4.58468
2.90194
3.94019
4.35579
4.10214
3.31439
4.06069
4.39151
3.40974
4.6597
4.02869
4.13401
3.67759
4.04296
3.09018
4.63578
4.04358
3.9045
3.00991
3.69599
4.11921
3.58474
2.66318
2.56916
3.35998
4.02525
4.48402
3.90991
2.71351
3.82272
3.44028
4.26126
3.17832
4.4709
4.30449
3.89943
3.59648
4.48451
4.66431
3.40209
3.63943
1.80719
3.29068
4.68235
3.36711
4.53507
3.84754
4.73997
4.57705
3.92668
4.5134
4.58015
4.29616
3.63062
2.71648
3.58326
3.47014
3.96875
4.3531
4.56024
4.31272
3.316
2.77152
3.64867
3.79386
3.20228
3.63864
4.65358
3.25823
4.28706
2.66825
3.79166
3.66371
3.32363
2.76609
2.74154
3.27537
1.66973
3.62183
4.59131
4.15864
4.00868
3.28833
3.22788
2.32901
3.96742
4.02291
3.94978
4.49864
3.74976
4.09358
2.8682
2.48933
2.63289
2.36956
2.68308
4.49723
3.7021
4.75599
2.88418
2.49591
3.36091
2.92107
4.54307
4.00751
4.24633
2.9711
3.09637
4.35511
4.11081
2.99319
4.63799
4.59453
3.22637
3.02387
2.70588
4.13569
4.63704
3.48868
3.44991
4.39825
3.75871
4.013
4.29031
2.99707
3.5482
3.63888
2.68127
2.9348
4.74045
3.9452
4.58844
3.74257
4.14743
4.05973
3.16522
4.23322
3.48122
4.23733
4.57262
4.25403
2.72963
4.41308
3.14422
4.3708
1.82485
4.38377
4.38939
4.20485
4.79115
4.14798
2.62976
2.55214
4.45741
3.99652
4.65409
3.32746
3.50928
3.15855
4.00027
4.90092
3.64538
3.54049
3.84426
4.56195
4.07947
4.42265
4.3363
4.67608
4.02567
4.1725
4.63759
3.22025
4.35446
3.33065
4.29367
3.76833
3.68654
4.54261
4.40001
3.98222
3.00859
2.49716
2.9849
4.62437
3.2381
3.59117
2.92195
4.44711
3.30174
2.47976
4.57205
4.01823
2.52545
3.14092
4.54879
2.83708
4.41699
3.18995
2.23725
3.58297
3.30357
4.26446
3.6127
4.77395
4.18061
3.82042
4.15729
4.16151
3.93816
4.44603
2.96521
3.96022
2.72635
3.83329
4.71134
4.30074
2.84516
4.59347
3.33568
4.4884
3.21349
4.17162
2.85886
4.70823
4.64149
3.37731
3.45077
2.8251
4.23227
4.27666
3.71304
2.46028
2.84253
2.1617
4.09657
3.83662
4.3347
4.28466
3.82582
3.65525
4.49172
3.54207
2.64139
3.51622
3.43872
3.02482
3.68788
3.38062
4.24509
4.29666
4.60277
3.15604
3.29555
2.85164
4.44659
4.11987
4.07025
4.41192
4.56321
4.64369
2.97427
2.70071
2.09718
3.46955
2.30261
4.59018
3.89641
3.98684
3.03289
3.43002
4.43924
4.24979
4.72314
3.38064
4.62632
4.56526
2.87742
3.17212
3.20423
4.74145
4.66848
4.34972
4.02501
4.42053
4.53856
4.62172
2.11458
3.36813
4.16683
4.63982
4.27362
3.57596
4.06138
3.23227
4.58854
3.94176
2.76764
4.70354
4.15318
3.63445
3.70256
3.15762
4.05482
3.99907
3.95906
3.20793
4.50901
2.79519
3.27572
2.5392
2.71984
2.12844
4.54025
4.13969
4.53523
3.53069
4.11458
3.65755
4.32727
4.52256
4.09206
3.10031
3.75612
4.64235
4.12181
4.69659
4.37592
3.92506
3.87265
2.40957
3.80384
2.81255
4.53565
3.55092
4.3391
1.70368
1.70094
2.0351
4.73593
4.01581
3.81905
3.14833
4.20693
4.65034
3.69025
4.84314
2.2679
2.03259
4.76367
4.75715
3.47766
4.29459
2.6983
4.53804
4.76179
4.60168
4.70921
4.74103
1.77715
4.63188
3.94233
4.64339
4.37868
3.66407
4.32464
2.63593
2.92084
3.97237
4.09561
4.3156
3.14059
3.93452
3.41324
4.81054
4.08677
4.39527
4.10564
4.79091
3.68352
1.60485
4.64274
4.62708
4.05268
3.68577
3.36783
4.78675
3.21323
3.56887
3.39601
2.39019
3.57612
4.60226
2.98214
3.76964
3.02894
4.44092
4.1216
2.0874
4.86153
4.35307
4.53807
3.45321
4.62797
2.85074
4.5442
4.72215
4.09737
4.64697
4.64226
4.67936
4.59799
4.4482
3.95813
3.0666
3.52675
3.42075
3.7607
4.18842
3.9341
3.36746
3.55082
3.10009
3.69163
4.49607
4.44173
3.82984
3.22724
4.0596
4.65668
4.53549
3.47686
3.75437
4.09751
4.43725
4.11583
4.57112
3.60177
4.32531
3.17148
4.46759
3.79263
2.46361
3.55259
4.57152
4.22541
4.53882
3.23904
3.24586
2.65219
3.16323
3.28533
4.33136
4.52792
3.65139
3.74329
4.13302
4.23787
3.75923
1.38808
1.60426
1.44839
1.52287
1.41104
4.5935
4.13298
4.62092
2.63932
4.53013
3.98291
3.7663
3.49677
3.55763
4.60783
4.339
3.9439
2.71785
2.24824
3.91856
4.61486
4.39604
3.52757
3.03578
3.29965
4.47685
3.95676
2.17833
3.97831
4.46498
4.72929
4.18417
4.43957
4.73455
3.54308
1.61905
1.66666
1.74933
4.45788
4.02487
3.49547
4.20943
3.79931
4.54497
3.93227
3.39276
3.87606
3.13288
3.96725
4.71228
3.02803
4.04231
3.30119
4.08184
3.33026
4.08845
4.116
3.89818
4.76047
3.29942
3.54008
3.6387
4.3266
3.63911
3.43015
2.47294
3.62373
4.74143
4.09984
4.12009
4.45017
3.53532
3.29783
3.70396
4.62219
4.45797
4.66319
4.17793
4.34573
4.26707
4.45476
3.34272
3.6839
3.54207
3.36069
4.46888
4.44527
2.99605
2.8771
4.62336
2.17335
2.01202
1.81576
1.87299
2.11964
4.05706
2.34165
3.39368
4.48304
3.68001
2.6456
4.37853
3.66952
4.27551
3.07565
3.08369
3.36018
3.45809
3.67861
3.02513
2.53672
3.17406
3.13237
4.74783
3.38118
4.70349
4.57124
2.64447
2.40288
2.58466
2.67146
4.04908
4.67401
4.0
3.11348
4.4766
4.41575
3.44568
3.79467
4.14097
2.75412
2.50891
3.6889
3.26152
2.74691
3.43176
3.34297
4.59854
3.78977
1.93665
4.14756
4.07011
3.68789
3.3959
4.49989
4.12232
3.93935
3.77425
4.18954
4.62661
3.89623
4.57683
4.46537
2.78908
3.37259
3.04675
1.81698
2.91141
4.45381
4.39546
3.29659
3.31073
4.43156
4.07628
4.6902
4.71773
3.18417
3.38744
3.22334
3.07537
4.75832
4.8126
3.93083
3.86993
4.77094
4.72602
3.70267
3.38712
3.37844
3.56528
3.90186
3.11178
2.29564
3.11279
4.70338
4.68875
4.13033
4.44142
4.33593
4.44432
3.71196
3.91469
4.38544
3.60172
4.40481
4.59997
3.90177
3.03641
3.17122
4.71295
3.63124
3.3684
3.33474
3.57239
3.60666
4.37103
2.25498
4.40937
4.33864
4.70522
4.26059
4.14542
4.49251
4.34854
3.85017
3.49285
4.58716
4.46621
3.19233
3.18032
4.70881
3.9091
4.57994
4.40654
3.98844
4.23353
4.43205
3.91587
2.98064
3.88001
4.57923
3.41497
2.86853
2.09245
2.98317
3.42465
4.66228
4.60136
4.20383
3.27744
4.29092
4.29954
4.81127
4.73052
3.42565
4.53271
4.71269
4.43916
3.37032
4.54019
3.68367
2.56116
3.31541
4.02352
3.16832
3.28971
3.78844
4.46267
4.76975
2.58349
2.01481
2.18277
4.52716
3.91237
4.59759
3.6245
3.61674
3.63474
4.31691
4.6032
2.62123
2.78434
2.90134
2.09839
2.60786
4.37145
2.18446
2.1557
4.62773
4.5211
4.30125
4.31388
3.75072
4.07901
3.27614
4.59852
3.6456
4.60093
3.81974
3.34255
3.84203
3.69543
3.19344
3.6409
4.47146
3.61564
3.12276
4.17821
4.30739
4.19179
2.74026
1.70357
4.61313
4.55962
4.67228
2.85756
3.72029
4.41681
4.5166
4.27544
3.73637
4.28728
4.17034
4.25014
4.65871
4.17211
3.35344
2.9811
2.96049
4.31673
3.55053
3.37597
3.99406
4.56541
3.92574
2.45248
4.35612
4.65673
4.21048
3.30436
3.60643
3.38199
2.61979
3.52534
4.56756
4.1556
4.00928
4.10743
4.61587
4.59176
4.58961
4.68275
4.066
3.68314
4.37664
3.56873
4.31745
3.31011
3.19344
4.2732
2.95602
4.55547
4.1323
4.45079
3.95765
3.83373
3.84813
4.00051
3.78231
4.61291
3.76226
3.37881
3.343
4.39981
4.607
3.49698
3.7104
4.1389
4.37312
4.69806
2.68366
2.69452
4.10568
2.56578
4.82934
4.7635
4.42549
3.9648
4.46288
4.76181
3.36029
3.4315
4.15659
4.14595
4.42573
3.77273
3.85049
3.72665
3.58157
4.38168
3.05296
2.41916
2.16492
2.4623
4.41055
4.10917
4.04792
3.92089
2.96998
3.92278
4.49663
4.04063
4.61993
4.62218
4.22438
4.38513
4.44279
3.79178
4.34533
4.27089
4.48416
3.9869
3.09014
3.85702
4.24316
4.34637
2.79026
2.4939
2.79779
4.39038
3.38429
4.05741
2.73278
3.77141
4.3623
4.28599
4.33372
4.20256
3.644
3.64126
4.6333
4.29414
3.86336
4.46015
4.35274
4.29434
4.51694
3.74611
4.40233
4.3848
3.87968
3.50426
2.81906
3.8505
3.20307
3.60321
4.76933
4.21183
4.55411
2.83421
4.69436
4.55072
3.96874
4.08237
2.87868
3.51627
2.74677
4.72167
4.37851
4.01096
3.77542
3.79539
4.65517
3.95339
2.68062
3.22211
4.41142
4.5215
4.49441
4.27034
4.2705
4.43708
4.04708
3.13828
4.03408
3.54606
3.77381
3.18587
3.70291
4.41782
3.88973
3.30077
4.19479
3.61784
2.31344
3.42502
3.68195
3.57071
4.37923
3.85815
4.4347
2.64622
1.8728
2.18293
2.17892
3.94162
4.46578
3.80757
3.45925
3.35579
4.66585
3.70582
4.32929
3.28745
3.48347
2.35992
3.59901
4.6133
3.31113
3.39987
4.59569
4.06643
4.47668
3.98745
4.25789
3.53945
4.46335
4.56637
3.84216
4.60416
3.90215
4.67163
4.58806
3.31196
3.2966
4.39451
3.86206
3.57176
3.48136
4.7254
3.59577
4.80952
4.2275
4.24355
3.92369
4.28594
4.3537
3.90547
3.75673
4.62247
3.96465
3.80334
4.16609
3.01501
4.52375
4.05326
4.67315
3.19847
3.95528
4.26607
3.72379
4.33213
3.87673
4.68738
4.30622
4.45128
3.344
3.16428
3.51003
4.84656
3.63478
4.5291
4.29554
4.23682
4.8245
3.79207
4.55571
4.59998
3.89656
4.32513
4.59209
4.23881
3.83924
3.87072
4.02945
4.54454
4.00003
3.70335
3.57572
3.53868
2.85511
2.97333
4.34075
4.79287
3.6493
3.72058
3.29874
3.87126
4.13684
2.12109
2.84282
2.83943
3.39713
4.13314
4.23265
1.96951
2.28498
4.3412
3.96855
4.08145
3.73048
3.71598
3.31314
3.69154
4.77429
3.39783
4.45108
3.03238
1.7353
4.44519
3.12056
3.99389
4.47966
3.63808
4.46205
3.1456
3.68705
2.96513
3.00843
4.46659
3.24864
2.82964
3.58274
2.48572
3.30058
4.41926
4.54276
4.30395
2.56742
4.18945
4.62633
4.04924
3.76888
3.83738
3.25019
2.84693
4.36972
2.76242
4.63033
3.58319
3.71743
4.01307
4.33214
4.19054
4.25346
4.46989
3.52942
3.08275
3.63841
4.03088
3.87261
3.64009
3.2725
3.85492
4.54699
3.94285
3.19133
3.67877
3.0859
3.81695
4.39364
4.60249
4.29365
4.01399
4.39269
1.86117
2.69215
2.20965
2.73935
3.70066
1.42699
1.54998
1.4375
4.40405
4.13393
4.56462
2.56075
2.05537
1.90067
4.70769
4.08604
4.30805
4.26231
3.42982
3.10593
4.61169
4.08981
4.02672
3.92107
4.21333
4.61438
4.16465
3.55722
2.95684
3.41756
4.35406
4.03873
3.92608
4.64147
3.95065
4.20184
3.18479
4.59604
4.17332
4.66677
2.40938
1.88901
2.08716
4.63159
4.79253
4.34774
3.28406
3.25092
3.84506
4.70079
3.97779
4.52536
4.52775
3.96372
4.45741
3.54271
2.8677
3.52004
4.59599
3.72992
2.68408
2.70035
4.52283
4.21637
4.26008
3.99468
4.29772
4.29482
4.55952
2.91632
4.61306
4.51078
3.62799
3.75979
3.66885
3.65989
4.37335
2.39888
3.51992
3.68033
3.91096
3.0044
3.94798
4.27287
4.66853
3.71985
3.83624
3.61699
3.94192
4.24513
3.17855
2.78873
3.55084
3.24164
2.74841
4.52643
4.43002
4.48091
3.2591
4.57396
4.33651
4.63095
4.27258
2.90788
3.20771
4.5174
3.23912
4.73814
3.97043
4.66133
3.21635
3.40369
3.64154
4.45099
3.72899
3.24936
3.74294
4.47762
4.46082
3.41266
4.34273
3.29206
3.49125
3.9122
3.45209
4.81007
3.58152
4.7943
4.33397
4.59924
3.06777
2.81178
4.60657
4.59098
3.87948
3.82031
3.95698
4.11917
4.07617
4.4163
3.22674
2.79859
3.19193
4.48748
4.38331
4.36163
3.14924
3.30125
3.83623
3.92313
3.84372
4.68961
2.66161
2.3358
2.6007
4.76236
4.39014
3.99583
4.00258
4.81408
4.65781
3.15262
4.34841
4.44924
2.95856
4.39418
3.55859
3.69363
4.52508
3.60437
3.67383
2.98139
2.35356
4.40278
3.29249
4.45026
4.49711
3.94793
4.19904
4.72219
3.7239
3.13495
3.75885
4.49795
4.39048
3.50893
3.53594
3.99646
3.86634
4.62276
4.23142
3.90929
3.76277
3.06087
3.84274
4.10857
4.68253
3.44837
4.03907
4.66245
3.12042
3.47657
2.30436
4.43745
4.47747
3.51904
3.72754
4.67298
3.56696
4.75091
4.52879
4.33876
4.67896
4.71548
3.48801
3.46175
4.27014
4.17065
3.33631
2.6508
3.39417
3.30453
4.35789
4.53703
3.32325
3.97568
4.51112
4.47848
3.96336
3.84797
4.70017
4.37479
3.92199
4.77839
2.83602
2.33511
3.66096
4.65854
4.69596
4.67234
4.30248
3.28451
4.31147
4.57171
4.33748
4.74639
4.62224
4.61193
3.61821
3.54531
3.70766
3.22512
1.12938
2.12378
1.92389
3.17871
2.99744
2.48785
1.49608
1.68048
2.18078
1.25533
1.60001
1.73637
2.16051
2.16418
1.42407
2.27427
1.14644
1.23629
1.36578
3.36861
2.63828
1.39961
2.68007
1.22653
2.40632
1.14914
1.3493
1.92007
2.18191
2.87951
2.09076
1.22568
1.47645
1.80972
2.94501
1.31164
1.79184
2.60106
1.556
1.94432
1.63409
1.70222
1.2793
1.14795
2.98128
2.37985
1.424
1.24432
1.6953
1.35146
2.05806
1.21217
1.29293
2.17969
3.14848
1.52263
1.41328
1.24839
1.94583
2.11533
2.463
1.30749
1.19634
2.82358
1.81094
2.45667
2.00143
3.91702
1.57371
1.61604
1.59603
1.35385
2.48191
1.85405
1.7818
1.14295
1.9053
1.75181
1.26142
1.16629
1.77789
2.34821
1.15458
1.08314
1.86803
1.42408
1.49085
1.29019
1.57762
1.31946
1.85545
2.50407
1.95575
2.30077
1.20483
2.17362
1.22244
1.93516
1.59234
1.33298
1.52248
1.6609
2.34184
1.29885
1.6811
1.62132
1.4738
1.07789
2.31676
1.97029
1.59098
1.54278
2.23764
1.48305
2.88516
1.66386
2.35629
2.8251
1.75305
1.18324
1.44988
1.62746
